152 1424 6
168 1424 6
184 1424 6
200 1424 6
136 1360 5
136 1376 5
136 1392 5
136 1408 5
232 1424 6
248 1424 6
264 1424 6
280 1424 6
312 1424 6
328 1424 6
344 1424 6
360 1424 6
296 1360 5
296 1376 5
296 1392 5
296 1408 5
392 1424 6
408 1424 6
424 1424 6
440 1424 6
472 1424 6
488 1424 6
504 1424 6
520 1424 6
552 1424 6
568 1424 6
584 1424 6
600 1424 6
536 1360 5
536 1376 5
536 1392 5
536 1408 5
632 1424 6
648 1424 6
664 1424 6
680 1424 6
712 1424 6
728 1424 6
744 1424 6
760 1424 6
792 1424 6
808 1424 6
824 1424 6
840 1424 6
872 1424 6
888 1424 6
904 1424 6
920 1424 6
952 1424 6
968 1424 6
984 1424 6
1000 1424 6
1032 1424 6
1048 1424 6
1064 1424 6
1080 1424 6
1112 1424 6
1128 1424 6
1144 1424 6
1160 1424 6
1192 1424 6
1208 1424 6
1224 1424 6
1240 1424 6
1272 1424 6
1288 1424 6
1304 1424 6
1320 1424 6
1352 1424 6
1368 1424 6
1384 1424 6
1400 1424 6
1336 1360 5
1336 1376 5
1336 1392 5
1336 1408 5
1416 1360 5
1416 1376 5
1416 1392 5
1416 1408 5
216 1280 5
216 1296 5
216 1312 5
216 1328 5
312 1344 6
328 1344 6
344 1344 6
360 1344 6
376 1280 5
376 1296 5
376 1312 5
376 1328 5
472 1344 6
488 1344 6
504 1344 6
520 1344 6
456 1280 5
456 1296 5
456 1312 5
456 1328 5
632 1344 6
648 1344 6
664 1344 6
680 1344 6
712 1344 6
728 1344 6
744 1344 6
760 1344 6
792 1344 6
808 1344 6
824 1344 6
840 1344 6
872 1344 6
888 1344 6
904 1344 6
920 1344 6
952 1344 6
968 1344 6
984 1344 6
1000 1344 6
1016 1280 5
1016 1296 5
1016 1312 5
1016 1328 5
1112 1344 6
1128 1344 6
1144 1344 6
1160 1344 6
1096 1280 5
1096 1296 5
1096 1312 5
1096 1328 5
1192 1344 6
1208 1344 6
1224 1344 6
1240 1344 6
1336 1280 5
1336 1296 5
1336 1312 5
1336 1328 5
1416 1280 5
1416 1296 5
1416 1312 5
1416 1328 5
152 1264 6
168 1264 6
184 1264 6
200 1264 6
136 1200 5
136 1216 5
136 1232 5
136 1248 5
232 1264 6
248 1264 6
264 1264 6
280 1264 6
376 1200 5
376 1216 5
376 1232 5
376 1248 5
552 1264 6
568 1264 6
584 1264 6
600 1264 6
536 1200 5
536 1216 5
536 1232 5
536 1248 5
632 1264 6
648 1264 6
664 1264 6
680 1264 6
696 1200 5
696 1216 5
696 1232 5
696 1248 5
792 1264 6
808 1264 6
824 1264 6
840 1264 6
776 1200 5
776 1216 5
776 1232 5
776 1248 5
872 1264 6
888 1264 6
904 1264 6
920 1264 6
952 1264 6
968 1264 6
984 1264 6
1000 1264 6
1016 1200 5
1016 1216 5
1016 1232 5
1016 1248 5
1112 1264 6
1128 1264 6
1144 1264 6
1160 1264 6
1096 1200 5
1096 1216 5
1096 1232 5
1096 1248 5
1192 1264 6
1208 1264 6
1224 1264 6
1240 1264 6
1256 1200 5
1256 1216 5
1256 1232 5
1256 1248 5
1336 1200 5
1336 1216 5
1336 1232 5
1336 1248 5
1416 1200 5
1416 1216 5
1416 1232 5
1416 1248 5
136 1120 5
136 1136 5
136 1152 5
136 1168 5
232 1184 6
248 1184 6
264 1184 6
280 1184 6
312 1184 6
328 1184 6
344 1184 6
360 1184 6
392 1184 6
408 1184 6
424 1184 6
440 1184 6
472 1184 6
488 1184 6
504 1184 6
520 1184 6
616 1120 5
616 1136 5
616 1152 5
616 1168 5
712 1184 6
728 1184 6
744 1184 6
760 1184 6
776 1120 5
776 1136 5
776 1152 5
776 1168 5
872 1184 6
888 1184 6
904 1184 6
920 1184 6
936 1120 5
936 1136 5
936 1152 5
936 1168 5
1016 1120 5
1016 1136 5
1016 1152 5
1016 1168 5
1176 1120 5
1176 1136 5
1176 1152 5
1176 1168 5
1256 1120 5
1256 1136 5
1256 1152 5
1256 1168 5
1336 1120 5
1336 1136 5
1336 1152 5
1336 1168 5
1416 1120 5
1416 1136 5
1416 1152 5
1416 1168 5
152 1104 6
168 1104 6
184 1104 6
200 1104 6
136 1040 5
136 1056 5
136 1072 5
136 1088 5
232 1104 6
248 1104 6
264 1104 6
280 1104 6
312 1104 6
328 1104 6
344 1104 6
360 1104 6
392 1104 6
408 1104 6
424 1104 6
440 1104 6
376 1040 5
376 1056 5
376 1072 5
376 1088 5
472 1104 6
488 1104 6
504 1104 6
520 1104 6
552 1104 6
568 1104 6
584 1104 6
600 1104 6
632 1104 6
648 1104 6
664 1104 6
680 1104 6
696 1040 5
696 1056 5
696 1072 5
696 1088 5
792 1104 6
808 1104 6
824 1104 6
840 1104 6
936 1040 5
936 1056 5
936 1072 5
936 1088 5
1032 1104 6
1048 1104 6
1064 1104 6
1080 1104 6
1112 1104 6
1128 1104 6
1144 1104 6
1160 1104 6
1256 1040 5
1256 1056 5
1256 1072 5
1256 1088 5
1416 1040 5
1416 1056 5
1416 1072 5
1416 1088 5
152 1024 6
168 1024 6
184 1024 6
200 1024 6
136 960 5
136 976 5
136 992 5
136 1008 5
296 960 5
296 976 5
296 992 5
296 1008 5
392 1024 6
408 1024 6
424 1024 6
440 1024 6
472 1024 6
488 1024 6
504 1024 6
520 1024 6
552 1024 6
568 1024 6
584 1024 6
600 1024 6
712 1024 6
728 1024 6
744 1024 6
760 1024 6
696 960 5
696 976 5
696 992 5
696 1008 5
792 1024 6
808 1024 6
824 1024 6
840 1024 6
872 1024 6
888 1024 6
904 1024 6
920 1024 6
952 1024 6
968 1024 6
984 1024 6
1000 1024 6
1032 1024 6
1048 1024 6
1064 1024 6
1080 1024 6
1112 1024 6
1128 1024 6
1144 1024 6
1160 1024 6
1096 960 5
1096 976 5
1096 992 5
1096 1008 5
1192 1024 6
1208 1024 6
1224 1024 6
1240 1024 6
1272 1024 6
1288 1024 6
1304 1024 6
1320 1024 6
1256 960 5
1256 976 5
1256 992 5
1256 1008 5
1416 960 5
1416 976 5
1416 992 5
1416 1008 5
136 880 5
136 896 5
136 912 5
136 928 5
232 944 6
248 944 6
264 944 6
280 944 6
296 880 5
296 896 5
296 912 5
296 928 5
392 944 6
408 944 6
424 944 6
440 944 6
376 880 5
376 896 5
376 912 5
376 928 5
472 944 6
488 944 6
504 944 6
520 944 6
552 944 6
568 944 6
584 944 6
600 944 6
632 944 6
648 944 6
664 944 6
680 944 6
792 944 6
808 944 6
824 944 6
840 944 6
776 880 5
776 896 5
776 912 5
776 928 5
872 944 6
888 944 6
904 944 6
920 944 6
936 880 5
936 896 5
936 912 5
936 928 5
1016 880 5
1016 896 5
1016 912 5
1016 928 5
1096 880 5
1096 896 5
1096 912 5
1096 928 5
1176 880 5
1176 896 5
1176 912 5
1176 928 5
1256 880 5
1256 896 5
1256 912 5
1256 928 5
1352 944 6
1368 944 6
1384 944 6
1400 944 6
1416 880 5
1416 896 5
1416 912 5
1416 928 5
136 800 5
136 816 5
136 832 5
136 848 5
216 800 5
216 816 5
216 832 5
216 848 5
312 864 6
328 864 6
344 864 6
360 864 6
376 800 5
376 816 5
376 832 5
376 848 5
472 864 6
488 864 6
504 864 6
520 864 6
552 864 6
568 864 6
584 864 6
600 864 6
632 864 6
648 864 6
664 864 6
680 864 6
616 800 5
616 816 5
616 832 5
616 848 5
712 864 6
728 864 6
744 864 6
760 864 6
856 800 5
856 816 5
856 832 5
856 848 5
936 800 5
936 816 5
936 832 5
936 848 5
1032 864 6
1048 864 6
1064 864 6
1080 864 6
1176 800 5
1176 816 5
1176 832 5
1176 848 5
1272 864 6
1288 864 6
1304 864 6
1320 864 6
1336 800 5
1336 816 5
1336 832 5
1336 848 5
1416 800 5
1416 816 5
1416 832 5
1416 848 5
136 720 5
136 736 5
136 752 5
136 768 5
232 784 6
248 784 6
264 784 6
280 784 6
216 720 5
216 736 5
216 752 5
216 768 5
392 784 6
408 784 6
424 784 6
440 784 6
472 784 6
488 784 6
504 784 6
520 784 6
536 720 5
536 736 5
536 752 5
536 768 5
632 784 6
648 784 6
664 784 6
680 784 6
712 784 6
728 784 6
744 784 6
760 784 6
792 784 6
808 784 6
824 784 6
840 784 6
856 720 5
856 736 5
856 752 5
856 768 5
952 784 6
968 784 6
984 784 6
1000 784 6
1032 784 6
1048 784 6
1064 784 6
1080 784 6
1112 784 6
1128 784 6
1144 784 6
1160 784 6
1192 784 6
1208 784 6
1224 784 6
1240 784 6
1176 720 5
1176 736 5
1176 752 5
1176 768 5
1256 720 5
1256 736 5
1256 752 5
1256 768 5
1416 720 5
1416 736 5
1416 752 5
1416 768 5
136 640 5
136 656 5
136 672 5
136 688 5
216 640 5
216 656 5
216 672 5
216 688 5
296 640 5
296 656 5
296 672 5
296 688 5
392 704 6
408 704 6
424 704 6
440 704 6
376 640 5
376 656 5
376 672 5
376 688 5
472 704 6
488 704 6
504 704 6
520 704 6
552 704 6
568 704 6
584 704 6
600 704 6
536 640 5
536 656 5
536 672 5
536 688 5
632 704 6
648 704 6
664 704 6
680 704 6
712 704 6
728 704 6
744 704 6
760 704 6
776 640 5
776 656 5
776 672 5
776 688 5
856 640 5
856 656 5
856 672 5
856 688 5
952 704 6
968 704 6
984 704 6
1000 704 6
936 640 5
936 656 5
936 672 5
936 688 5
1016 640 5
1016 656 5
1016 672 5
1016 688 5
1096 640 5
1096 656 5
1096 672 5
1096 688 5
1176 640 5
1176 656 5
1176 672 5
1176 688 5
1272 704 6
1288 704 6
1304 704 6
1320 704 6
1352 704 6
1368 704 6
1384 704 6
1400 704 6
1416 640 5
1416 656 5
1416 672 5
1416 688 5
152 624 6
168 624 6
184 624 6
200 624 6
136 560 5
136 576 5
136 592 5
136 608 5
312 624 6
328 624 6
344 624 6
360 624 6
296 560 5
296 576 5
296 592 5
296 608 5
456 560 5
456 576 5
456 592 5
456 608 5
616 560 5
616 576 5
616 592 5
616 608 5
712 624 6
728 624 6
744 624 6
760 624 6
856 560 5
856 576 5
856 592 5
856 608 5
1016 560 5
1016 576 5
1016 592 5
1016 608 5
1096 560 5
1096 576 5
1096 592 5
1096 608 5
1176 560 5
1176 576 5
1176 592 5
1176 608 5
1256 560 5
1256 576 5
1256 592 5
1256 608 5
1336 560 5
1336 576 5
1336 592 5
1336 608 5
1416 560 5
1416 576 5
1416 592 5
1416 608 5
136 480 5
136 496 5
136 512 5
136 528 5
232 544 6
248 544 6
264 544 6
280 544 6
216 480 5
216 496 5
216 512 5
216 528 5
392 544 6
408 544 6
424 544 6
440 544 6
376 480 5
376 496 5
376 512 5
376 528 5
472 544 6
488 544 6
504 544 6
520 544 6
552 544 6
568 544 6
584 544 6
600 544 6
536 480 5
536 496 5
536 512 5
536 528 5
632 544 6
648 544 6
664 544 6
680 544 6
712 544 6
728 544 6
744 544 6
760 544 6
792 544 6
808 544 6
824 544 6
840 544 6
872 544 6
888 544 6
904 544 6
920 544 6
952 544 6
968 544 6
984 544 6
1000 544 6
1096 480 5
1096 496 5
1096 512 5
1096 528 5
1176 480 5
1176 496 5
1176 512 5
1176 528 5
1256 480 5
1256 496 5
1256 512 5
1256 528 5
1336 480 5
1336 496 5
1336 512 5
1336 528 5
1416 480 5
1416 496 5
1416 512 5
1416 528 5
136 400 5
136 416 5
136 432 5
136 448 5
216 400 5
216 416 5
216 432 5
216 448 5
312 464 6
328 464 6
344 464 6
360 464 6
376 400 5
376 416 5
376 432 5
376 448 5
456 400 5
456 416 5
456 432 5
456 448 5
632 464 6
648 464 6
664 464 6
680 464 6
616 400 5
616 416 5
616 432 5
616 448 5
712 464 6
728 464 6
744 464 6
760 464 6
792 464 6
808 464 6
824 464 6
840 464 6
872 464 6
888 464 6
904 464 6
920 464 6
856 400 5
856 416 5
856 432 5
856 448 5
952 464 6
968 464 6
984 464 6
1000 464 6
1032 464 6
1048 464 6
1064 464 6
1080 464 6
1016 400 5
1016 416 5
1016 432 5
1016 448 5
1176 400 5
1176 416 5
1176 432 5
1176 448 5
1256 400 5
1256 416 5
1256 432 5
1256 448 5
1336 400 5
1336 416 5
1336 432 5
1336 448 5
1416 400 5
1416 416 5
1416 432 5
1416 448 5
136 320 5
136 336 5
136 352 5
136 368 5
232 384 6
248 384 6
264 384 6
280 384 6
216 320 5
216 336 5
216 352 5
216 368 5
376 320 5
376 336 5
376 352 5
376 368 5
472 384 6
488 384 6
504 384 6
520 384 6
552 384 6
568 384 6
584 384 6
600 384 6
632 384 6
648 384 6
664 384 6
680 384 6
696 320 5
696 336 5
696 352 5
696 368 5
776 320 5
776 336 5
776 352 5
776 368 5
856 320 5
856 336 5
856 352 5
856 368 5
936 320 5
936 336 5
936 352 5
936 368 5
1016 320 5
1016 336 5
1016 352 5
1016 368 5
1112 384 6
1128 384 6
1144 384 6
1160 384 6
1192 384 6
1208 384 6
1224 384 6
1240 384 6
1336 320 5
1336 336 5
1336 352 5
1336 368 5
1416 320 5
1416 336 5
1416 352 5
1416 368 5
136 240 5
136 256 5
136 272 5
136 288 5
216 240 5
216 256 5
216 272 5
216 288 5
312 304 6
328 304 6
344 304 6
360 304 6
392 304 6
408 304 6
424 304 6
440 304 6
472 304 6
488 304 6
504 304 6
520 304 6
552 304 6
568 304 6
584 304 6
600 304 6
536 240 5
536 256 5
536 272 5
536 288 5
696 240 5
696 256 5
696 272 5
696 288 5
792 304 6
808 304 6
824 304 6
840 304 6
856 240 5
856 256 5
856 272 5
856 288 5
936 240 5
936 256 5
936 272 5
936 288 5
1032 304 6
1048 304 6
1064 304 6
1080 304 6
1112 304 6
1128 304 6
1144 304 6
1160 304 6
1192 304 6
1208 304 6
1224 304 6
1240 304 6
1272 304 6
1288 304 6
1304 304 6
1320 304 6
1256 240 5
1256 256 5
1256 272 5
1256 288 5
136 160 5
136 176 5
136 192 5
136 208 5
152 144 6
168 144 6
184 144 6
200 144 6
232 224 6
248 224 6
264 224 6
280 224 6
232 144 6
248 144 6
264 144 6
280 144 6
312 224 6
328 224 6
344 224 6
360 224 6
312 144 6
328 144 6
344 144 6
360 144 6
392 224 6
408 224 6
424 224 6
440 224 6
392 144 6
408 144 6
424 144 6
440 144 6
472 144 6
488 144 6
504 144 6
520 144 6
552 144 6
568 144 6
584 144 6
600 144 6
632 224 6
648 224 6
664 224 6
680 224 6
616 160 5
616 176 5
616 192 5
616 208 5
632 144 6
648 144 6
664 144 6
680 144 6
712 144 6
728 144 6
744 144 6
760 144 6
776 160 5
776 176 5
776 192 5
776 208 5
792 144 6
808 144 6
824 144 6
840 144 6
872 144 6
888 144 6
904 144 6
920 144 6
952 224 6
968 224 6
984 224 6
1000 224 6
952 144 6
968 144 6
984 144 6
1000 144 6
1032 224 6
1048 224 6
1064 224 6
1080 224 6
1032 144 6
1048 144 6
1064 144 6
1080 144 6
1096 160 5
1096 176 5
1096 192 5
1096 208 5
1112 144 6
1128 144 6
1144 144 6
1160 144 6
1192 224 6
1208 224 6
1224 224 6
1240 224 6
1192 144 6
1208 144 6
1224 144 6
1240 144 6
1272 144 6
1288 144 6
1304 144 6
1320 144 6
1352 224 6
1368 224 6
1384 224 6
1400 224 6
1416 160 5
1416 176 5
1416 192 5
1416 208 5
1352 144 6
1368 144 6
1384 144 6
1400 144 6
136 1424 8
216 1424 6
296 1424 11
376 1424 6
456 1424 6
536 1424 11
616 1424 6
696 1424 6
776 1424 6
856 1424 6
936 1424 6
1016 1424 6
1096 1424 6
1176 1424 6
1256 1424 6
1336 1424 11
1416 1424 7
136 1344 3
216 1344 1
296 1344 10
376 1344 7
456 1344 8
536 1344 9
616 1344 2
696 1344 6
776 1344 6
856 1344 6
936 1344 6
1016 1344 7
1096 1344 8
1176 1344 6
1256 1344 4
1336 1344 5
1416 1344 5
136 1264 8
216 1264 13
296 1264 4
376 1264 5
456 1264 3
536 1264 8
616 1264 6
696 1264 7
776 1264 8
856 1264 6
936 1264 6
1016 1264 14
1096 1264 12
1176 1264 6
1256 1264 7
1336 1264 5
1416 1264 5
136 1184 5
216 1184 2
296 1184 6
376 1184 13
456 1184 6
536 1184 9
616 1184 1
696 1184 10
776 1184 14
856 1184 2
936 1184 7
1016 1184 5
1096 1184 3
1176 1184 1
1256 1184 5
1336 1184 5
1416 1184 5
136 1104 12
216 1104 6
296 1104 6
376 1104 11
456 1104 6
536 1104 6
616 1104 13
696 1104 7
776 1104 10
856 1104 4
936 1104 5
1016 1104 10
1096 1104 6
1176 1104 9
1256 1104 5
1336 1104 3
1416 1104 5
136 1024 12
216 1024 4
296 1024 1
376 1024 10
456 1024 6
536 1024 6
616 1024 4
696 1024 12
776 1024 6
856 1024 6
936 1024 13
1016 1024 6
1096 1024 11
1176 1024 6
1256 1024 15
1336 1024 4
1416 1024 5
136 944 5
216 944 2
296 944 14
376 944 8
456 944 6
536 944 6
616 944 6
696 944 9
776 944 8
856 944 6
936 944 7
1016 944 1
1096 944 5
1176 944 1
1256 944 5
1336 944 2
1416 944 14
136 864 5
216 864 1
296 864 10
376 864 14
456 864 2
536 864 6
616 864 11
696 864 6
776 864 9
856 864 1
936 864 5
1016 864 10
1096 864 9
1176 864 5
1256 864 10
1336 864 7
1416 864 5
136 784 5
216 784 12
296 784 4
376 784 10
456 784 6
536 784 7
616 784 10
696 784 6
776 784 6
856 784 14
936 784 10
1016 784 6
1096 784 6
1176 784 15
1256 784 7
1336 784 3
1416 784 5
136 704 5
216 704 5
296 704 1
376 704 8
456 704 6
536 704 15
616 704 6
696 704 6
776 704 7
856 704 5
936 704 8
1016 704 7
1096 704 1
1176 704 5
1256 704 10
1336 704 6
1416 704 14
136 624 12
216 624 9
296 624 12
376 624 9
456 624 1
536 624 3
616 624 1
696 624 2
776 624 9
856 624 5
936 624 3
1016 624 5
1096 624 5
1176 624 5
1256 624 1
1336 624 1
1416 624 5
136 544 5
216 544 8
296 544 9
376 544 8
456 544 13
536 544 11
616 544 13
696 544 6
776 544 6
856 544 13
936 544 6
1016 544 9
1096 544 5
1176 544 5
1256 544 5
1336 544 5
1416 544 5
136 464 5
216 464 5
296 464 2
376 464 14
456 464 1
536 464 3
616 464 8
696 464 6
776 464 6
856 464 11
936 464 6
1016 464 11
1096 464 9
1176 464 5
1256 464 5
1336 464 5
1416 464 5
136 384 5
216 384 12
296 384 4
376 384 5
456 384 10
536 384 6
616 384 13
696 384 7
776 384 1
856 384 5
936 384 1
1016 384 5
1096 384 2
1176 384 13
1256 384 9
1336 384 5
1416 384 5
136 304 5
216 304 5
296 304 2
376 304 13
456 304 6
536 304 11
616 304 4
696 304 5
776 304 10
856 304 14
936 304 5
1016 304 10
1096 304 6
1176 304 6
1256 304 11
1336 304 9
1416 304 3
136 224 5
216 224 10
296 224 6
376 224 6
456 224 4
536 224 3
616 224 8
696 224 9
776 224 1
856 224 3
936 224 10
1016 224 6
1096 224 7
1176 224 2
1256 224 9
1336 224 2
1416 224 7
136 144 10
216 144 6
296 144 6
376 144 6
456 144 6
536 144 6
616 144 13
696 144 6
776 144 13
856 144 6
936 144 6
1016 144 6
1096 144 13
1176 144 6
1256 144 6
1336 144 6
1416 144 9
